0.1107284
0.3075787
0.4828986
0.6735975
0.8919784
1.098056
1.273376
1.460999
1.667077
1.823942
1.937746
2.156127
2.592889
3.168061
3.755536
4.367618
5.035064
5.668676
6.19156
6.729823
7.384965
8.040108
8.562992
9.085876
9.719488
10.31619
10.7468
11.30352
12.29085
13.54884
14.72379
15.84031
17.05832
18.20559
19.05143
19.84806
20.92151
22.03186
22.84387
23.67434
24.99077
26.57173
27.88816
29.06619
30.49336
31.9236
32.91092
33.80906
35.22084
36.88177
38.13669
39.22244
40.75418
42.4797
43.70386
44.7158
46.24754
48.04688
49.3018
50.24914
51.66708
53.30339
54.32148
55.02276
56.3269
57.98474
59.03359
59.72256
61.03285
62.73068
63.77953
64.42545
65.74803
67.53814
68.6485
69.2206
70.30943
71.72736
72.36405
72.49631
73.36983
74.82776
75.59055
75.71051
76.3595
77.40527
77.66364
77.3745
77.92507
79.23536
79.88127
79.77977
80.10581
80.80708
80.68098
79.95202
80.04737
80.92704
81.16387
80.69328
80.81631
81.53604
81.53604
80.81323
80.70251
81.22847
81.05315
80.13963
79.80437
80.09658
79.71518
78.63557
78.19267
78.45103
78.10347
77.06078
76.63017
76.90391
76.58403
75.53826
74.99078
75.04306
74.48942
73.25603
72.59473
72.61011
72.08415
70.8969
70.24791
70.26944
69.77731
68.59006
67.82111
67.58735
66.82763
65.48044
64.71149
64.63767
64.14555
63.05057
62.4108
62.36159
61.86946
60.74988
59.97786
59.68258
58.91978
57.64026
56.86823
56.7329
56.2377
55.21038
54.56754
54.45682
53.96162
52.90969
52.13767
51.77473
51.01193
49.797
49.0342
48.85888
48.39444
47.41326
46.65047
46.24139
45.47859
44.30979
43.53777
43.29171
42.79651
41.87992
41.23401
40.98179
40.45891
39.5331
38.87795
38.61036
38.0844
37.18012
36.52805
36.23893
35.71297
34.83022
34.16892
33.83366
33.27694
32.4311
31.89284
31.76981
31.48376
30.83477
30.30266
30.00738
29.4845
28.6079
27.82357
27.23302
26.43947
25.44599
24.78469
24.56016
24.27104
23.7297
23.31447
23.13607
22.81927
22.21641
21.672
21.2783
20.72158
19.93725
19.26981
18.81152
18.2548
17.53506
16.98757
16.7169
16.39702
15.89567
15.46506
15.19747
14.84683
14.33317
13.89641
13.61651
13.26587
12.76452
12.32776
12.03556
11.68492
11.19587
10.75295
10.42077
10.03937
9.584153
9.25812
9.116633
8.972072
8.729085
8.523007
8.421506
8.276944
7.993972
7.667938
7.354208
6.97281
6.499138
6.043922
5.64407
5.23499
4.835138
4.622909
4.65059
4.742864
4.736712
4.641363
4.499877
4.293799
4.035433
3.8109
3.644808
3.469488
3.244956
3.026575
2.854331
2.679011
2.463706
2.239173
2.033096
1.827018
1.633243
1.528666
1.550197
1.611713
1.608637
1.497909
1.304134
1.067298
0.8550689
0.738189
0.7289616
0.7597195
0.7781742
0.7843257
0.7904774
0.7904774
0.7843257
0.7843257
0.7904774
0.7904774
0.7843257
0.7904774
0.8212352
0.8550689
0.8273869
0.7135827
0.5136565
0.2768209
0.07074311
-0.0492126
-0.09534941
-0.09534941
-0.05228838
0.07689469
0.3075787
0.578248
0.7566437
0.7566437
0.578248
0.3075787
0.07689469
-0.04613681
-0.06459153
-0.03075787
-0.00307579
-0.00307579
-0.03075787
-0.06459153
-0.04613681
0.07074311
0.2768209
0.5136565
0.7105069
0.8335384
0.8858268
0.8858268
0.8366141
0.7074311
0.4828986
0.2122293
0.02768209
0.02768209
0.2122293
0.4828986
0.7074311
0.8304626
0.8550689
0.8212352
0.7904774
0.7843257
0.7904774
0.7904774
0.7843257
0.7843257
0.7904774
0.7904774
0.7843257
0.7843257
0.7904774
0.7904774
0.7843257
0.7843257
0.7904774
0.7904774
0.7843257
0.7843257
0.7904774
0.7904774
0.7843257
0.7843257
0.7904774
0.7904774
0.7843257
0.7781742
0.7597195
0.7289616
0.738189
0.8612204
1.101132
1.368725
1.540969
1.540969
1.368725
1.101132
0.8612204
0.738189
0.7289616
0.7597195
0.78125
0.78125
0.7597195
0.7289616
0.738189
0.8612204
1.101132
1.368725
1.540969
1.540969
1.368725
1.101132
0.8612204
0.738189
0.7289616
0.7597195
0.78125
0.78125
0.7597195
0.7289616
0.7381890